2.0
2.0
1.83
1.71
1.78
1.7
1.75
1.69
1.64
1.73
1.69
1.82
2.0
2.0
2.0
1.96
1.92
1.88
1.92
1.89
1.86
1.88
1.88
1.86
1.87
1.92
1.95
1.98
1.95
1.93
1.93
1.91
1.96
1.94
1.92
1.98
2.0
1.98
1.96
1.96
1.98
1.96
1.97
2.0
2.0
1.98
1.98
1.97
1.97
1.96
1.96
1.96
1.99
1.99
1.97
1.96
1.96
1.96
1.97
1.99
1.99
1.99
2.0
2.01
2.04
2.06
2.06
2.07
2.07
2.08
2.08
2.07
2.07
2.08
2.09
2.07
2.07
2.07
2.06
2.05
2.04
2.04
2.03
2.04
2.06
2.07
2.06
2.06
2.07
2.07
2.06
2.06
2.05
2.07
2.09
2.09
2.11
2.13
2.14
2.14
2.16
2.17
2.16
2.15
2.15
2.16
2.16
2.18
2.18
2.18
2.18
2.18
2.18
2.17
2.17
2.17
2.17
2.17
2.17
2.16
2.15
2.15
2.15
2.15
2.16
2.16
2.18
2.17
2.17
2.16
2.17
2.17
2.17
2.17
2.18
2.19
2.18
2.18
2.19
2.19
2.18
2.18
2.19
2.19
2.21
2.21
2.2
2.21
2.2
2.21
2.2
2.2
2.2
2.19
2.19
2.19
2.19
2.19
2.19
2.18
2.18
2.18
2.17
2.17
2.17
2.17
2.16
2.16
2.16
2.16
2.15
2.14
2.14
2.15
2.14
2.14
2.13
2.13
2.13
2.13
2.12
2.12
2.13
2.14
2.14
2.14
2.14
2.13
2.13
2.14
2.15
2.14
2.14
2.13
2.14
2.13
2.13
2.13
2.13
2.14
2.14
2.13
2.13
2.13
2.12
2.13
2.13
2.13
2.13
2.13
2.13
2.14
2.14
2.14
2.14
2.15
2.14
2.14
2.14
2.15
2.14
2.15
2.15
2.16
2.17
2.18
2.18
2.18
2.18
2.18
2.17
2.17
2.17
2.17
2.17
2.17
2.16
2.16
2.16
2.16
2.15
2.16
2.16
2.15
2.15
2.16
2.16
2.16
2.16
2.16
2.16
2.17
2.18
2.17
2.18
2.18
2.18
2.18
2.18
2.18
2.18
2.18
2.18
2.18
2.17
2.17
2.17
2.17
2.17
2.17
2.17
2.18
2.17
2.17
2.17
2.16
2.16
2.16
2.17
2.17
2.17
2.17
2.17
2.17
2.17
2.17
2.17
2.17
2.17
2.17
2.17
2.16
2.16
2.16
2.16
2.16
2.16
2.16
2.16
2.16
2.16
2.16
2.16
2.16
2.16
2.16
2.15
2.16
2.16
2.16
2.16
2.15
2.16
2.16
2.16
2.16
2.15
2.15
2.15
2.14
2.15
2.15
2.15
2.15
2.14
2.15
2.15
2.14
2.14
2.15
2.15
2.15
2.15
2.15
2.15
2.15
2.15
2.15
2.15
2.15
2.15
2.15
2.15
2.15
2.16
2.15
2.15
2.16
2.16
2.16
2.16
2.16
2.16
2.16
2.16
2.15
2.15
2.16
2.16
2.16
2.15
2.15
2.15
2.16
2.16
2.16
2.16
2.16
2.16
2.16
2.16
2.16
2.16
2.16
2.16
2.16
2.17
2.17
2.17
2.17
2.17
2.17
2.17
2.17
2.17
2.17
2.17
2.17
2.17
2.17
2.17
2.17
2.17
2.17
2.17
2.17
2.17
2.17
2.16
2.16
2.16
2.16
2.16
2.16
2.16
2.16
2.16
2.16
2.16
2.16
2.16
2.16
2.16
2.16
2.16
2.16
2.16
2.16
2.16
2.15
2.16
2.16
2.16
2.16
2.16
2.16
2.16
2.16
2.16
2.16
2.16
2.16
2.16
2.16
2.15
2.15
2.15
2.16
2.15
2.15
2.15
2.15
2.15
2.16
2.16
2.16
2.16
2.16
2.16
2.17
2.17
2.18
2.18
2.18
2.18
2.18
2.18
2.18
2.18
2.18
2.18
2.18
2.18
2.18
2.18
2.18
2.18
2.18
2.18
2.18
2.18
2.18
2.18
2.18
2.18
2.18
2.18
2.18
2.18
2.18
2.18
2.18
2.18
2.19
2.18
2.18
2.18
2.18
2.18
2.18
2.18
2.18
2.18
2.18
2.18
2.18
2.18
2.18
2.18
2.18
2.18
2.18
2.18
2.18
2.18
2.18
2.19
2.19
2.19
2.19
2.19
2.19
2.19
2.19
2.19
2.19
2.19
2.19
2.2
2.2
2.2
2.2
2.19
2.2
2.2
2.2
2.2
2.2
2.2
2.2
2.21
2.21
2.21
2.21
2.21
2.21
2.22
2.22
2.22
2.22
2.22
2.22
2.22
2.22
2.22
2.22
2.23
2.23
2.23
2.23
2.23
2.23
2.23
2.23
2.23
2.23
2.23
2.23
2.23
2.24
2.23
2.23
2.23
2.23
